5	6.26504	23.2083	6.83111	24.6565	0.294339	1.0624	-41.6929
10	5.11371	18.778	4.29045	16.2467	0.228483	0.86519	75.6536
20	3.80874	14.5556	6.33603	21.5185	0.435298	1.47837	16.4643
30	2.53218	10.0117	3.37086	15.7347	0.33669	        1.57162	13.7733
40	1.65831	6.61176	2.06851	8.08587	0.312853	1.22295	-2.23763
50	1.01867	4.28182	1.24104	4.88385	0.289838	1.1406	3.12904
60	0.59878	2.61299	0.72258	3.0453	0.276535	1.16544	1.93292	
70	0.32441	1.43397	0.36587	1.56117	0.255146	1.0887	2.07463
80	0.16203	0.74903	0.17949	0.79191	0.239638	1.05725 .997552

