7.79475	14.0166	9.14122	19.6839	0.652172	1.40433		15.8781
6.26698	11.0174	6.56211	10.2565	0.595612	0.930935	-2.63996
4.62335	8.39774	5.71624	12.7228	0.680688	1.51502		14.7261
3.08831	5.48537	3.6541	6.73034	0.666154	1.22696		-0.504448
2.02281	3.56461	2.3394	4.79461	0.656283	1.34506		5.9076
1.27244	2.23604	1.4053	2.55226	0.628478	1.14142		-0.49421
0.75702	1.31723	0.82811	1.46294	0.628675	1.11062		2.15925
0.41578	0.72872	0.44259	0.79414	0.607346	1.08977		1.34717
0.21140	0.37408	0.22663	0.42121	0.605849	1.126		2.72671




